0 164.0 330.0 180.0 342.0
0 96.0 332.0 108.0 346.0
0 128.0 284.0 142.0 296.0
0 218.0 312.0 235.0 322.0
0 260.0 298.0 276.0 310.0
0 242.0 280.0 258.0 290.0
0 165.0 265.0 176.0 276.0
0 306.0 324.0 322.0 336.0
0 372.0 290.0 384.0 302.0
0 385.0 288.0 397.0 296.0
0 283.0 220.0 300.0 232.0
0 189.0 230.0 201.0 240.0
0 150.0 240.0 162.0 248.0
0 153.0 262.0 162.0 270.0
0 102.0 234.0 114.0 246.0
0 22.0 192.0 36.0 204.0
0 1.0 199.0 14.0 208.0
0 46.0 196.0 61.0 206.0
0 290.0 194.0 306.0 204.0
0 240.0 210.0 254.0 218.0
0 202.0 194.0 214.0 200.0
0 181.0 218.0 194.0 226.0
0 144.0 192.0 152.0 202.0
0 117.0 221.0 126.0 235.0
0 362.0 168.0 372.0 176.0
0 301.0 178.0 310.0 186.0
0 218.0 170.0 229.0 178.0
0 194.0 164.0 208.0 174.0
0 138.0 167.0 148.0 176.0
0 102.0 176.0 115.0 184.0
0 48.0 166.0 56.0 176.0
0 146.0 144.0 156.0 152.0
0 200.0 102.0 210.0 107.0
0 160.0 118.0 170.0 128.0
0 358.0 108.0 366.0 116.0
0 338.0 110.0 348.0 116.0
0 348.0 142.0 358.0 150.0
0 384.0 235.0 398.0 246.0
0 384.0 214.0 401.0 224.0
0 164.0 330.0 180.0 342.0
0 96.0 332.0 108.0 346.0
0 128.0 284.0 142.0 296.0
0 218.0 312.0 235.0 322.0
0 260.0 298.0 276.0 310.0
0 242.0 280.0 258.0 290.0
0 165.0 265.0 176.0 276.0
0 306.0 324.0 322.0 336.0
0 372.0 290.0 384.0 302.0
0 385.0 288.0 397.0 296.0
0 283.0 220.0 300.0 232.0
0 189.0 230.0 201.0 240.0
0 150.0 240.0 162.0 248.0
0 153.0 262.0 162.0 270.0
0 102.0 234.0 114.0 246.0
0 22.0 192.0 36.0 204.0
0 1.0 199.0 14.0 208.0
0 46.0 196.0 61.0 206.0
0 290.0 194.0 306.0 204.0
0 240.0 210.0 254.0 218.0
0 202.0 194.0 214.0 200.0
0 181.0 218.0 194.0 226.0
0 144.0 192.0 152.0 202.0
0 117.0 221.0 126.0 235.0
0 362.0 168.0 372.0 176.0
0 301.0 178.0 310.0 186.0
0 218.0 170.0 229.0 178.0
0 194.0 164.0 208.0 174.0
0 138.0 167.0 148.0 176.0
0 102.0 176.0 115.0 184.0
0 48.0 166.0 56.0 176.0
0 146.0 144.0 156.0 152.0
0 200.0 102.0 210.0 107.0
0 160.0 118.0 170.0 128.0
0 358.0 108.0 366.0 116.0
0 338.0 110.0 348.0 116.0
0 348.0 142.0 358.0 150.0
0 384.0 235.0 398.0 246.0
0 384.0 214.0 401.0 224.0
