0 386.0 259.0 406.0 287.0
0 320.0 222.0 380.0 278.0
0 177.0 232.0 199.0 254.0
0 154.0 190.0 178.0 210.0
0 124.0 198.0 140.0 210.0
0 78.0 190.0 98.0 205.0
0 33.0 216.0 48.0 228.0
0 6.0 191.0 22.0 204.0
0 279.0 204.0 290.0 219.0
0 268.0 185.0 272.0 192.0
0 244.0 196.0 253.0 208.0
0 104.0 169.0 110.0 178.0
0 92.0 176.0 101.0 183.0
0 44.0 175.0 54.0 184.0
0 122.0 182.0 126.0 187.0
0 146.0 190.0 150.0 200.0
0 131.0 172.0 138.0 180.0
0 386.0 259.0 406.0 287.0
0 320.0 222.0 380.0 278.0
0 177.0 232.0 199.0 254.0
0 154.0 190.0 178.0 210.0
0 124.0 198.0 140.0 210.0
0 78.0 190.0 98.0 205.0
0 33.0 216.0 48.0 228.0
0 6.0 191.0 22.0 204.0
0 279.0 204.0 290.0 219.0
0 268.0 185.0 272.0 192.0
0 244.0 196.0 253.0 208.0
0 104.0 169.0 110.0 178.0
0 92.0 176.0 101.0 183.0
0 44.0 175.0 54.0 184.0
0 122.0 182.0 126.0 187.0
0 146.0 190.0 150.0 200.0
0 131.0 172.0 138.0 180.0
