0 4.0 284.0 28.0 310.0
0 39.0 260.0 68.0 282.0
0 59.0 242.0 86.0 256.0
0 142.0 300.0 170.0 320.0
0 222.0 270.0 246.0 292.0
0 203.0 246.0 226.0 264.0
0 372.0 218.0 404.0 236.0
0 358.0 132.0 387.0 148.0
0 332.0 88.0 355.0 106.0
0 304.0 106.0 322.0 130.0
0 264.0 112.0 286.0 130.0
0 256.0 174.0 278.0 192.0
0 195.0 158.0 220.0 172.0
0 188.0 112.0 212.0 129.0
0 98.0 110.0 120.0 128.0
0 26.0 134.0 45.0 152.0
0 2.0 124.0 18.0 140.0
0 100.0 176.0 122.0 197.0
1 31.0 167.0 52.0 188.0
0 4.0 284.0 28.0 310.0
0 39.0 260.0 68.0 282.0
0 59.0 242.0 86.0 256.0
0 142.0 300.0 170.0 320.0
0 222.0 270.0 246.0 292.0
0 203.0 246.0 226.0 264.0
0 372.0 218.0 404.0 236.0
0 358.0 132.0 387.0 148.0
0 332.0 88.0 355.0 106.0
0 304.0 106.0 322.0 130.0
0 264.0 112.0 286.0 130.0
0 256.0 174.0 278.0 192.0
0 195.0 158.0 220.0 172.0
0 188.0 112.0 212.0 129.0
0 98.0 110.0 120.0 128.0
0 26.0 134.0 45.0 152.0
0 2.0 124.0 18.0 140.0
0 100.0 176.0 122.0 197.0
1 31.0 167.0 52.0 188.0
