0 54.0 295.0 108.0 339.0
0 264.0 175.0 302.0 205.0
0 326.0 199.0 356.0 223.0
0 188.0 157.0 218.0 181.0
1 22.0 87.0 51.0 114.0
1 243.0 82.0 275.0 112.0
1 81.0 81.0 108.0 111.0
1 8.0 181.0 41.0 217.0
1 124.0 223.0 176.0 267.0
1 244.0 227.0 280.0 261.0
1 344.0 89.0 372.0 115.0
0 54.0 295.0 108.0 339.0
0 264.0 175.0 302.0 205.0
0 326.0 199.0 356.0 223.0
0 188.0 157.0 218.0 181.0
1 22.0 87.0 51.0 114.0
1 243.0 82.0 275.0 112.0
1 81.0 81.0 108.0 111.0
1 8.0 181.0 41.0 217.0
1 124.0 223.0 176.0 267.0
1 244.0 227.0 280.0 261.0
1 344.0 89.0 372.0 115.0
