0 388.0 163.0 406.0 175.0
0 340.0 171.0 356.0 182.0
0 301.0 159.0 318.0 171.0
0 263.0 163.0 280.0 172.0
0 227.0 152.0 242.0 164.0
0 172.0 155.0 190.0 166.0
0 131.0 149.0 145.0 160.0
0 108.0 138.0 120.0 150.0
0 85.0 159.0 104.0 170.0
0 48.0 154.0 66.0 168.0
0 1.0 155.0 24.0 167.0
0 388.0 163.0 406.0 175.0
0 340.0 171.0 356.0 182.0
0 301.0 159.0 318.0 171.0
0 263.0 163.0 280.0 172.0
0 227.0 152.0 242.0 164.0
0 172.0 155.0 190.0 166.0
0 131.0 149.0 145.0 160.0
0 108.0 138.0 120.0 150.0
0 85.0 159.0 104.0 170.0
0 48.0 154.0 66.0 168.0
0 1.0 155.0 24.0 167.0
