0 0.0 236.0 56.0 307.0
0 186.0 172.0 220.0 201.0
0 305.0 189.0 339.0 215.0
0 376.0 156.0 400.0 178.0
0 332.0 114.0 353.0 132.0
0 276.0 97.0 300.0 119.0
0 129.0 109.0 154.0 131.0
0 94.0 106.0 120.0 127.0
0 8.0 65.0 34.0 78.0
1 214.0 125.0 238.0 149.0
1 163.0 67.0 186.0 93.0
1 240.0 111.0 256.0 134.0
0 0.0 236.0 56.0 307.0
0 186.0 172.0 220.0 201.0
0 305.0 189.0 339.0 215.0
0 376.0 156.0 400.0 178.0
0 332.0 114.0 353.0 132.0
0 276.0 97.0 300.0 119.0
0 129.0 109.0 154.0 131.0
0 94.0 106.0 120.0 127.0
0 8.0 65.0 34.0 78.0
1 214.0 125.0 238.0 149.0
1 163.0 67.0 186.0 93.0
1 240.0 111.0 256.0 134.0
